---
title: 情緒多樣性分析
excerpt_separator: "<!--more-->"
classes: wide
categories:
  - Research
permalink: /SentimentalDiversity/
---

<style>
table, th, td {
  border: 1px solid black;
  border-collapse: collapse;
  text-align: center;
  vertical-align: middle;
  padding: 0px;
}
td > p {
  display: contents;
  vertical-align: middle;
  text-align: center;
}
tbody {
  width: 100%;
  display: table;
}
<\style>
<ol><li>情緒多樣性</li></ol><p>分析完情緒正負向值後，我們進行情緒分類，有別於情緒正負向僅需將詞彙分為正負兩種，情緒分類之資料庫需要標記有多個類別，故，本研究將使用『大連理工情緒語彙資料庫』進行情緒分類分析，即分成前述提過的七大類（樂、好、怒、哀、懼、惡、驚）情緒。</p><p>本研究重新整理之分類表如表 2 。</p><p><a id="_Ref118365435"></a><a id="_Ref116587638"></a><a id="_Toc119100651"></a>表 2 大連理工辭典 情緒分類表</p><table><tr><td><p>編號</p></td><td><p>情感大類</p></td><td><p>情感類</p></td><td><p>範例詞</p></td></tr><tr><td><p>1</p></td><td><p>樂</p></td><td><p>快樂（PA）</p></td><td><p>喜悅、歡喜、笑咪咪</p></td></tr><tr><td><p>2</p></td><td></td><td><p>安心（PE）</p></td><td><p>踏實、寬心、問心無愧</p></td></tr><tr><td><p>3</p></td><td><p>好</p></td><td><p>尊敬（PD）</p></td><td><p>恭敬、敬愛、肅然起敬</p></td></tr><tr><td><p>4</p></td><td></td><td><p>讚揚（PH）</p></td><td><p>英俊、通情達理、優秀</p></td></tr><tr><td><p>5</p></td><td></td><td><p>相信（PG）</p></td><td><p>信任、可靠、毋庸置疑</p></td></tr><tr><td><p>6</p></td><td></td><td><p>喜愛（PB）</p></td><td><p>傾慕、寶貝、一見鐘情</p></td></tr><tr><td><p>7</p></td><td></td><td><p>祝願（PK）</p></td><td><p>渴望、保佑、福壽綿長</p></td></tr><tr><td><p>8</p></td><td><p>怒</p></td><td><p>憤怒（NA）</p></td><td><p>氣憤、惱火、大發雷霆</p></td></tr><tr><td><p>9</p></td><td><p>哀</p></td><td><p>悲傷（NB）</p></td><td><p>憂傷、心如刀割、悲苦</p></td></tr><tr><td><p>10</p></td><td></td><td><p>失望（NJ）</p></td><td><p>憾事、絕望、心灰意冷</p></td></tr><tr><td><p>11</p></td><td></td><td><p>疚（NH）</p></td><td><p>懺悔、問心有愧、內疚</p></td></tr><tr><td><p>12</p></td><td></td><td><p>思（PF）</p></td><td><p>思念、相思、牽腸掛肚</p></td></tr><tr><td><p>13</p></td><td><p>懼</p></td><td><p>慌（NI）</p></td><td><p>慌張、心慌、手忙腳亂</p></td></tr><tr><td><p>14</p></td><td></td><td><p>恐懼（NC）</p></td><td><p>膽怯、害怕、膽顫心驚</p></td></tr><tr><td><p>15</p></td><td></td><td><p>羞（NG）</p></td><td><p>害羞、害臊、無地自容</p></td></tr><tr><td><p>16</p></td><td><p>惡</p></td><td><p>煩悶（NE）</p></td><td><p>憋悶、煩躁、自尋煩惱</p></td></tr><tr><td><p>17</p></td><td></td><td><p>憎惡（ND）</p></td><td><p>反感、可恥、深惡痛絕</p></td></tr><tr><td><p>18</p></td><td></td><td><p>貶責（NN）</p></td><td><p>呆板、虛榮、雜亂無章</p></td></tr><tr><td><p>19</p></td><td></td><td><p>妒忌（NK）</p></td><td><p>眼紅、吃醋、嫉賢妒能</p></td></tr><tr><td><p>20</p></td><td></td><td><p>懷疑（NL）</p></td><td><p>多心、生疑、將信將疑</p></td></tr><tr><td><p>21</p></td><td><p>驚</p></td><td><p>驚奇（PC）</p></td><td><p>奇怪、奇蹟、瞠目結舌</p></td></tr></table><p>由於一則評論可能會含有多個不同分類的情緒用詞，這邊使用重複計數的方法，若一則評論同時有三個不同情緒分類之用詞，則會同時計入三個分類之計數。將所有評論進行分類後計數如下表：</p><p><a id="_Toc119100657"></a>表 8 情緒種類分類表</p><table><tr><td></td><td><p>樂</p></td><td><p>好</p></td><td><p>驚</p></td><td><p>怒</p></td><td><p>哀</p></td><td><p>懼</p></td><td><p>惡</p></td></tr><tr><td><p>東區</p></td><td><p>34916</p></td><td><p>137882</p></td><td><p>2141</p></td><td><p>608</p></td><td><p>10438</p></td><td><p>4963</p></td><td><p>32493</p></td></tr><tr><td><p>北區</p></td><td><p>12195</p></td><td><p>45143</p></td><td><p>637</p></td><td><p>232</p></td><td><p>3629</p></td><td><p>2141</p></td><td><p>10501</p></td></tr><tr><td><p>香山區</p></td><td><p>5851</p></td><td><p>19243</p></td><td><p>259</p></td><td><p>67</p></td><td><p>1450</p></td><td><p>704</p></td><td><p>4163</p></td></tr><tr><td><p>竹北市</p></td><td><p>13814</p></td><td><p>67732</p></td><td><p>943</p></td><td><p>246</p></td><td><p>4262</p></td><td><p>2364</p></td><td><p>14203</p></td></tr><tr><td><p>竹東鎮</p></td><td><p>5029</p></td><td><p>24831</p></td><td><p>305</p></td><td><p>86</p></td><td><p>1642</p></td><td><p>754</p></td><td><p>5102</p></td></tr><tr><td><p>新埔鎮</p></td><td><p>4436</p></td><td><p>17093</p></td><td><p>291</p></td><td><p>69</p></td><td><p>1418</p></td><td><p>509</p></td><td><p>4087</p></td></tr><tr><td><p>關西鎮</p></td><td><p>17568</p></td><td><p>41752</p></td><td><p>566</p></td><td><p>111</p></td><td><p>3348</p></td><td><p>1062</p></td><td><p>9767</p></td></tr><tr><td><p>湖口鄉</p></td><td><p>7005</p></td><td><p>28798</p></td><td><p>356</p></td><td><p>108</p></td><td><p>2464</p></td><td><p>904</p></td><td><p>6512</p></td></tr><tr><td><p>新豐鄉</p></td><td><p>5065</p></td><td><p>17264</p></td><td><p>260</p></td><td><p>87</p></td><td><p>1496</p></td><td><p>612</p></td><td><p>4424</p></td></tr><tr><td><p>峨眉鄉</p></td><td><p>3055</p></td><td><p>8463</p></td><td><p>122</p></td><td><p>17</p></td><td><p>658</p></td><td><p>230</p></td><td><p>1585</p></td></tr><tr><td><p>寶山鄉</p></td><td><p>1443</p></td><td><p>4942</p></td><td><p>83</p></td><td><p>17</p></td><td><p>328</p></td><td><p>170</p></td><td><p>946</p></td></tr><tr><td><p>北埔鄉</p></td><td><p>7959</p></td><td><p>22492</p></td><td><p>291</p></td><td><p>97</p></td><td><p>2131</p></td><td><p>782</p></td><td><p>5305</p></td></tr><tr><td><p>芎林鄉</p></td><td><p>1996</p></td><td><p>11388</p></td><td><p>115</p></td><td><p>90</p></td><td><p>669</p></td><td><p>294</p></td><td><p>1888</p></td></tr><tr><td><p>橫山鄉</p></td><td><p>6201</p></td><td><p>14926</p></td><td><p>282</p></td><td><p>90</p></td><td><p>1893</p></td><td><p>460</p></td><td><p>3691</p></td></tr><tr><td><p>尖石鄉</p></td><td><p>9594</p></td><td><p>25092</p></td><td><p>555</p></td><td><p>149</p></td><td><p>3258</p></td><td><p>1414</p></td><td><p>6143</p></td></tr><tr><td><p>五峰鄉</p></td><td><p>4313</p></td><td><p>11814</p></td><td><p>336</p></td><td><p>72</p></td><td><p>1289</p></td><td><p>705</p></td><td><p>3099</p></td></tr></table><p>以百分比計算四捨五入到小數點後第二位以便觀察數據，結果如下：</p><p><a id="_Toc119100658"></a>表 9 情緒種類分類比例</p><table><tr><td></td><td><p>樂</p></td><td><p>好</p></td><td><p>驚</p></td><td><p>怒</p></td><td><p>哀</p></td><td><p>懼</p></td><td><p>惡</p></td></tr><tr><td><p>東區</p></td><td><p>15.63%</p></td><td><p>61.71%</p></td><td><p>0.96%</p></td><td><p>0.27%</p></td><td><p>4.67%</p></td><td><p>2.22%</p></td><td><p>14.54%</p></td></tr><tr><td><p>北區</p></td><td><p>16.37%</p></td><td><p>60.61%</p></td><td><p>0.86%</p></td><td><p>0.31%</p></td><td><p>4.87%</p></td><td><p>2.87%</p></td><td><p>14.10%</p></td></tr><tr><td><p>香山區</p></td><td><p>18.44%</p></td><td><p>60.63%</p></td><td><p>0.82%</p></td><td><p>0.21%</p></td><td><p>4.57%</p></td><td><p>2.22%</p></td><td><p>13.12%</p></td></tr><tr><td><p>竹北市</p></td><td><p>13.34%</p></td><td><p>65.40%</p></td><td><p>0.91%</p></td><td><p>0.24%</p></td><td><p>4.12%</p></td><td><p>2.28%</p></td><td><p>13.71%</p></td></tr><tr><td><p>竹東鎮</p></td><td><p>13.32%</p></td><td><p>65.78%</p></td><td><p>0.81%</p></td><td><p>0.23%</p></td><td><p>4.35%</p></td><td><p>2.00%</p></td><td><p>13.52%</p></td></tr><tr><td><p>新埔鎮</p></td><td><p>15.90%</p></td><td><p>61.26%</p></td><td><p>1.04%</p></td><td><p>0.25%</p></td><td><p>5.08%</p></td><td><p>1.82%</p></td><td><p>14.65%</p></td></tr><tr><td><p>關西鎮</p></td><td><p>23.68%</p></td><td><p>56.29%</p></td><td><p>0.76%</p></td><td><p>0.15%</p></td><td><p>4.51%</p></td><td><p>1.43%</p></td><td><p>13.17%</p></td></tr><tr><td><p>湖口鄉</p></td><td><p>15.18%</p></td><td><p>62.40%</p></td><td><p>0.77%</p></td><td><p>0.23%</p></td><td><p>5.34%</p></td><td><p>1.96%</p></td><td><p>14.11%</p></td></tr><tr><td><p>新豐鄉</p></td><td><p>17.34%</p></td><td><p>59.11%</p></td><td><p>0.89%</p></td><td><p>0.30%</p></td><td><p>5.12%</p></td><td><p>2.10%</p></td><td><p>15.15%</p></td></tr><tr><td><p>峨眉鄉</p></td><td><p>21.62%</p></td><td><p>59.89%</p></td><td><p>0.86%</p></td><td><p>0.12%</p></td><td><p>4.66%</p></td><td><p>1.63%</p></td><td><p>11.22%</p></td></tr><tr><td><p>寶山鄉</p></td><td><p>18.20%</p></td><td><p>62.33%</p></td><td><p>1.05%</p></td><td><p>0.21%</p></td><td><p>4.14%</p></td><td><p>2.14%</p></td><td><p>11.93%</p></td></tr><tr><td><p>北埔鄉</p></td><td><p>20.38%</p></td><td><p>57.59%</p></td><td><p>0.75%</p></td><td><p>0.25%</p></td><td><p>5.46%</p></td><td><p>2.00%</p></td><td><p>13.58%</p></td></tr><tr><td><p>芎林鄉</p></td><td><p>12.14%</p></td><td><p>69.27%</p></td><td><p>0.70%</p></td><td><p>0.55%</p></td><td><p>4.07%</p></td><td><p>1.79%</p></td><td><p>11.48%</p></td></tr><tr><td><p>橫山鄉</p></td><td><p>22.51%</p></td><td><p>54.19%</p></td><td><p>1.02%</p></td><td><p>0.33%</p></td><td><p>6.87%</p></td><td><p>1.67%</p></td><td><p>13.40%</p></td></tr><tr><td><p>尖石鄉</p></td><td><p>20.76%</p></td><td><p>54.31%</p></td><td><p>1.20%</p></td><td><p>0.32%</p></td><td><p>7.05%</p></td><td><p>3.06%</p></td><td><p>13.30%</p></td></tr><tr><td><p>五峰鄉</p></td><td><p>19.94%</p></td><td><p>54.62%</p></td><td><p>1.55%</p></td><td><p>0.33%</p></td><td><p>5.96%</p></td><td><p>3.26%</p></td><td><p>14.33%</p></td></tr></table><p>從結果來說，可以看到樂與好的比例相當高，從各星評論數之數量上即可略知一二。據此結果，我們與POI混合度處同樣使用Entropy方式計算情緒的多樣性程度，結果如下：</p><p><a id="_Toc119100659"></a>表 10 各行政區情緒多樣性</p><table><tr><td><p>行政區</p></td><td><p>情緒多樣性(Entropy)</p></td></tr><tr><td><p>五峰鄉</p></td><td><p>1.29359858</p></td></tr><tr><td><p>尖石鄉</p></td><td><p>1.29153424</p></td></tr><tr><td><p>橫山鄉</p></td><td><p>1.25501457</p></td></tr><tr><td><p>北埔鄉</p></td><td><p>1.20151411</p></td></tr><tr><td><p>新豐鄉</p></td><td><p>1.19305613</p></td></tr><tr><td><p>北區</p></td><td><p>1.18392314</p></td></tr><tr><td><p>關西鎮</p></td><td><p>1.1791506</p></td></tr><tr><td><p>新埔鎮</p></td><td><p>1.1608154</p></td></tr><tr><td><p>香山區</p></td><td><p>1.1592527</p></td></tr><tr><td><p>東區</p></td><td><p>1.15663696</p></td></tr><tr><td><p>峨眉鄉</p></td><td><p>1.14250443</p></td></tr><tr><td><p>湖口鄉</p></td><td><p>1.14194766</p></td></tr><tr><td><p>寶山鄉</p></td><td><p>1.1334437</p></td></tr><tr><td><p>竹北市</p></td><td><p>1.09360289</p></td></tr><tr><td><p>竹東鎮</p></td><td><p>1.08188382</p></td></tr><tr><td><p>芎林鄉</p></td><td><p>1.02434555</p></td></tr></table>